Nodes: 200 Edges: 100
50 51
120 121
161 163
122 123
20 21
88 89
192 193
172 173
194 195
170 171
196 197
32 33
44 45
112 114
108 109
46 47
70 71
36 37
190 191
164 165
110 111
6 7
40 41
80 81
54 55
84 85
30 31
178 179
77 79
74 75
176 177
100 101
168 169
76 78
144 145
188 189
126 127
113 115
22 23
26 27
92 93
58 59
3 4
42 43
134 137
118 119
68 69
158 159
60 61
102 103
146 147
152 153
142 143
86 87
138 139
16 17
106 107
12 14
10 11
124 125
62 63
66 67
160 162
128 129
52 53
104 105
13 15
135 136
198 199
28 29
8 9
94 95
90 91
174 175
72 73
98 99
34 35
132 133
38 39
184 185
182 183
154 155
56 57
2 5
82 83
166 167
116 117
0 1
148 149
24 25
96 97
150 151
64 65
140 141
180 181
156 157
48 49
130 131
186 187
18 19
