Nodes: 9392 Edges: 5000
3188 3196
145 148
4150 4156
3451 3452
8873 8874
6551 6556
7696 7698
3594 3603
9189 9195
2608 2612
8271 8273
1238 1248
3911 3921
4790 4796
9183 9183
8729 8731
5075 5088
4319 4320
9270 9280
28 44
2458 2459
451 463
9308 9314
2270 2282
4622 4626
5989 5999
5878 5882
3440 3443
1138 1139
6808 6809
1176 1179
4202 4215
2090 2100
7196 7204
9093 9102
369 377
7612 7620
6519 6519
7900 7905
4974 4977
1187 1201
5763 5767
5619 5625
3160 3164
6921 6922
6827 6828
3244 3246
993 994
6400 6412
2007 2008
1251 1254
953 955
5688 5703
4303 4309
3033 3039
4024 4031
4803 4811
8278 8286
787 792
2225 2237
4440 4444
7708 7722
1371 1380
7705 7706
7248 7253
1941 1944
6147 6156
1673 1674
6654 6667
4859 4869
1929 1934
8192 8194
3416 3422
3128 3145
2505 2506
2600 2601
4226 4227
7313 7323
2223 2236
5682 5685
5790 5791
5198 5204
3775 3780
5413 5421
2411 2418
7269 7282
7031 7042
4830 4834
8589 8592
8943 8945
4147 4151
2855 2868
8683 8684
3300 3301
1835 1840
4018 4020
2501 2504
5797 5807
6651 6656
4374 4387
3787 3805
2348 2350
7057 7059
1604 1612
9045 9052
7278 7285
7817 7824
4772 4776
1876 1879
6175 6178
692 692
5968 5969
8762 8772
7791 7797
2014 2026
3101 3104
1155 1164
2039 2046
2353 2367
8423 8427
116 120
5247 5251
3173 3182
7482 7487
2646 2650
2126 2127
293 299
7636 7648
8005 8006
2495 2497
3180 3185
2940 2950
3227 3228
1488 1493
8342 8346
5695 5701
7447 7458
6443 6456
1828 1842
4364 4366
6292 6293
4382 4384
5364 5366
411 416
4420 4423
4800 4805
8351 8353
2583 2595
8753 8756
3048 3049
7776 7788
5422 5426
765 766
6250 6258
3517 3524
78 92
4403 4405
4487 4495
4664 4666
2071 2073
8225 8234
6993 6998
3349 3363
7787 7796
7827 7832
9357 9358
7430 7437
4103 4115
3597 3610
6185 6188
7137 7145
1398 1413
2049 2051
5020 5029
1948 1953
3933 3940
3600 3602
1064 1070
2079 2081
4458 4464
7207 7214
5662 5675
6579 6580
3721 3736
8177 8187
3479 3484
6133 6137
8957 8960
6323 6329
3566 3576
5171 5175
1899 1914
8783 8787
7416 7428
4538 4551
2100 2102
8089 8094
7819 7839
2838 2849
949 959
9327 9340
5081 5084
8935 8941
441 446
3159 3163
6445 6461
8131 8135
7174 7183
9187 9191
156 159
8057 8067
7621 7623
3753 3766
8881 8888
1299 1305
7916 7928
7302 7303
8266 8267
4183 4189
7368 7373
7638 7650
7662 7665
817 825
2764 2773
6432 6442
8498 8506
1039 1042
2181 2190
6282 6290
1777 1789
8835 8847
803 810
3174 3176
7611 7616
455 462
5773 5784
3556 3557
2779 2780
4522 4524
1774 1780
6948 6949
8786 8796
5255 5258
7994 7996
6360 6362
719 725
7890 7901
5119 5122
5284 5292
5626 5629
563 576
5453 5456
3004 3012
5129 5132
1151 1153
6910 6915
4761 4770
1892 1895
8693 8694
1518 1522
2406 2416
6746 6757
7287 7293
3270 3278
5945 5961
3042 3043
3409 3421
868 874
818 823
7985 7998
5888 5892
2631 2633
1105 1108
1266 1268
8311 8315
4193 4211
1560 1571
7163 7164
6243 6248
198 202
3518 3519
3934 3936
2618 2629
8394 8400
2760 2771
1851 1854
820 828
8156 8160
7549 7554
2193 2194
2736 2737
2091 2098
7460 7466
5514 5519
2876 2880
5859 5865
3501 3502
3445 3455
4512 4517
3032 3035
6815 6818
5065 5067
1083 1094
433 439
6769 6777
7401 7407
367 368
6597 6611
3334 3340
3316 3317
6356 6359
2352 2362
121 123
4350 4353
4313 4322
5586 5594
5441 5443
4700 4707
8392 8399
7061 7076
6938 6941
4849 4855
9002 9009
9000 9006
8889 8894
8309 8318
1287 1291
3210 3216
744 751
3311 3314
6655 6664
6867 6876
8174 8184
613 621
7572 7576
2246 2247
5661 5666
645 654
9264 9268
7362 7367
2716 2721
3701 3709
6943 6956
274 285
1419 1426
2216 2217
4682 4684
2811 2817
523 532
152 165
2828 2829
7574 7582
2813 2822
8593 8602
3540 3543
7234 7236
5899 5907
5885 5893
8033 8044
8667 8674
2180 2192
8410 8412
6553 6557
3021 3023
7617 7628
5287 5292
5330 5334
7219 7220
1457 1461
3629 3633
6239 6251
5806 5812
8019 8024
8414 8420
2254 2256
1444 1444
6332 6338
7182 7187
3342 3349
1123 1129
4134 4143
5613 5620
2863 2869
3277 3283
8048 8055
2526 2528
1161 1168
2727 2735
4943 4947
1760 1766
8032 8043
565 575
5004 5008
2673 2681
8703 8713
7608 7609
6036 6045
7895 7902
2336 2342
4252 4261
8827 8837
5891 5899
5505 5511
6294 6296
4758 4764
1878 1884
8223 8226
2435 2436
3605 3617
5291 5299
4071 4075
8237 8248
8852 8864
2878 2890
442 445
6997 7003
3528 3536
8946 8947
9167 9179
4895 4896
2862 2867
7008 7018
8338 8339
7249 7257
5244 5256
7489 7497
7743 7749
1066 1068
6484 6491
5678 5684
4175 4178
2693 2702
6626 6631
1115 1125
969 978
8902 8905
5286 5296
4166 4169
6337 6339
6382 6392
7672 7674
2675 2677
9150 9165
3875 3876
7685 7693
410 410
8367 8372
9350 9362
706 713
326 339
1044 1053
8912 8918
7821 7840
3344 3346
1310 1321
4105 4118
7991 8000
8452 8454
2517 2521
5745 5746
7171 7179
8808 8818
311 318
5151 5157
4516 4525
5457 5462
8194 8198
1678 1685
4003 4012
2389 2395
3193 3199
8710 8719
6262 6264
2933 2935
8640 8649
8857 8870
6575 6577
2648 2655
8725 8728
2568 2587
7276 7279
3798 3818
8577 8582
4472 4478
2858 2865
9134 9140
3854 3857
8752 8763
2739 2740
8745 8747
5374 5380
8446 8459
3983 3988
5838 5839
4655 4663
4213 4221
2997 3003
5253 5259
5844 5845
6082 6086
8119 8123
4412 4419
1184 1185
2004 2012
801 804
6770 6771
8732 8735
2183 2185
5048 5053
2570 2571
371 378
4783 4791
188 194
547 553
5187 5188
7397 7399
1676 1683
3797 3812
6326 6327
8892 8895
5225 5229
5828 5831
7585 7589
7214 7220
4281 4287
9261 9269
4891 4894
4453 4455
8326 8335
727 736
8227 8230
2811 2815
2256 2262
4778 4789
1512 1515
2719 2720
596 598
1207 1218
2076 2077
8370 8374
320 322
2723 2732
5955 5965
4433 4436
6333 6335
7441 7449
1790 1801
4992 4995
4847 4851
4030 4035
5747 5756
7387 7400
6701 6706
178 189
8707 8711
2628 2641
3127 3135
7709 7711
2886 2896
5978 5990
4225 4230
7956 7959
1719 1727
7924 7934
3113 3118
1623 1631
5575 5585
5672 5674
3036 3041
5954 5959
5440 5442
1391 1394
8559 8562
4187 4189
2907 2915
8994 8997
4017 4025
516 517
755 762
9095 9103
9324 9328
4491 4491
8397 8402
5696 5708
6907 6911
2066 2070
1866 1871
5172 5174
3530 3531
4235 4247
4672 4677
3403 3411
4964 4978
4447 4449
1351 1358
7235 7250
780 785
6762 6763
2730 2738
5604 5611
4399 4411
4861 4862
1116 1124
6153 6162
8215 8218
7202 7205
6870 6874
4267 4272
4747 4750
3790 3795
6812 6825
5415 5424
1486 1494
5827 5834
6516 6517
7666 7675
6901 6904
6485 6489
2177 2188
7077 7079
3973 3977
4338 4341
9113 9122
4770 4773
991 996
6810 6820
7228 7238
1887 1894
1341 1353
383 384
8634 8637
2757 2767
7148 7156
951 966
7519 7521
2850 2861
707 710
3179 3191
3338 3345
695 703
6447 6462
5163 5167
4502 4508
987 989
5600 5605
640 646
3558 3564
1019 1025
2948 2955
7852 7861
1418 1431
1761 1775
8317 8328
519 522
4743 4749
9139 9158
5646 5647
5335 5336
490 494
1570 1572
8555 8563
3837 3839
5086 5096
1383 1385
8823 8834
3431 3437
7680 7681
8625 8629
2316 2323
3823 3827
3989 3990
1133 1136
6387 6392
6513 6514
8004 8014
4515 4518
2592 2599
6561 6576
6574 6582
9001 9007
9209 9216
4237 4249
6723 6726
7046 7054
1609 1613
2303 2306
1489 1495
2564 2565
8457 8469
3526 3537
1864 1865
7813 7822
7984 7992
2657 2658
2302 2304
3070 3071
2440 2444
3865 3871
8848 8856
2092 2094
6025 6032
340 346
2162 2164
2652 2659
8932 8934
3176 3177
205 209
1186 1191
4196 4214
7723 7732
6668 6669
1214 1216
4237 4238
743 754
8675 8681
2266 2269
1477 1482
9143 9153
4739 4740
7147 7159
943 958
4028 4029
3027 3030
3919 3920
6682 6684
3816 3820
354 361
2686 2691
9060 9069
387 400
5026 5030
8451 8462
3503 3511
1395 1400
1593 1606
5365 5377
8952 8952
5358 5367
3326 3329
768 772
2170 2173
2749 2753
3266 3280
7389 7395
8365 8375
6145 6146
3281 3286
4482 4490
8572 8578
8615 8617
1028 1033
2656 2661
3305 3306
1304 1306
1724 1730
7353 7360
7177 7189
6433 6436
8882 8887
6766 6769
8491 8494
216 224
3634 3640
2977 2986
9331 9339
6265 6265
8306 8313
3489 3489
4837 4842
8099 8100
6775 6779
6995 7000
8594 8605
2772 2774
1303 1308
3249 3250
8804 8810
963 975
8327 8329
9389 1
9298 9299
6244 6260
7255 7261
1815 1824
5868 5875
5766 5769
5000 5007
8279 8282
7664 7667
3942 3945
5795 5798
8682 8689
1961 1970
8440 8445
5691 5698
6453 6464
2402 2410
6404 6407
4877 4886
7347 7355
8065 8068
2909 2924
5721 5727
7816 7835
4232 4242
1018 1021
8488 8495
1173 1178
4008 4015
3514 3517
8890 8899
4993 4997
3575 3588
7240 7241
5079 5091
1805 1812
4802 4807
1282 1294
5273 5276
3486 3492
8102 8112
815 826
3623 3624
9255 9260
6527 6529
4598 4599
1081 1084
5382 5392
7487 7490
9296 9304
7456 7466
3123 3131
2842 2848
7846 7848
4846 4853
587 595
5966 5970
9286 9291
5941 5947
500 502
3769 3774
8553 8554
4908 4914
80 88
7127 7137
5664 5677
6364 6370
8415 8424
9218 9221
4726 4737
2798 2804
5608 5610
8702 8706
4354 4365
2335 2344
201 207
5077 5078
8758 8759
9278 9281
8426 8431
2378 2386
1362 1363
4269 4280
6528 6536
2617 2619
8987 8990
8792 8799
3783 3792
7798 7801
5700 5710
8393 8398
3568 3572
3960 3972
6544 6547
789 798
7280 7281
9119 9126
5884 5889
6837 6843
7450 7463
2484 2489
4239 4246
5944 5947
8015 8027
7317 7320
8185 8199
7107 7109
2700 2714
6613 6622
4278 4279
9125 9136
9310 9316
6865 6882
6782 6789
1455 1465
6490 6498
5406 5409
1502 1504
5588 5590
8384 8386
1106 1112
3378 3386
8324 8328
9109 9121
8568 8570
7953 7957
867 870
7151 7153
4543 4554
657 661
7139 7147
2545 2550
5569 5570
1549 1552
9099 9101
1784 1791
5192 5203
5863 5871
7434 7444
848 854
4343 4344
7769 7773
4445 4446
9127 9128
4917 4924
1484 1485
3287 3290
960 961
6740 6743
3245 3247
7577 7587
5379 5388
3662 3666
832 833
688 700
2594 2596
3347 3350
3518 3520
307 310
5946 5957
3236 3241
2300 2301
9366 9372
2929 2938
4555 4562
7575 7580
7737 7740
2961 2962
3716 3720
1241 1255
6922 6927
5340 5341
6477 6486
4742 4745
8161 8175
8164 8173
2812 2814
6591 6606
6764 6766
2963 2970
7537 7544
4263 4276
6361 6363
4468 4474
889 890
7304 7312
16 27
1844 1850
8603 8607
7830 7833
870 881
6857 6859
3753 3763
4282 4289
8126 8129
1686 1698
4984 4985
9145 9151
3470 3472
1795 1804
4358 4367
2636 2642
7 12
3074 3083
8921 8922
6892 6892
3198 3204
811 814
4640 4644
8538 8548
6263 6272
109 122
5988 5992
8300 8303
6452 6459
6190 6199
476 484
2485 2491
7758 7766
557 561
3729 3737
3674 3679
8744 8749
3098 3110
4899 4901
7161 7166
6590 6599
8155 8157
5464 5475
1645 1646
1541 1550
3551 3560
7704 7712
7026 7029
4580 4582
6918 6926
7523 7528
8771 8775
1974 1980
2759 2769
8002 8010
7115 7124
3879 3887
9064 9067
981 982
1491 1497
4321 4330
2539 2549
1759 1767
9082 9087
7810 7811
8060 8064
8249 8253
4088 4092
1142 1149
8911 8915
6165 6180
3882 3885
5576 5582
1001 1007
7552 7553
180 184
4751 4754
5149 5154
1292 1293
5536 5541
7319 7329
130 134
1035 1046
3130 3133
5633 5636
5558 5561
4541 4546
1181 1189
2536 2537
5819 5822
7013 7014
5234 5239
8008 8017
1339 1352
5707 5713
9100 9105
5927 5933
8063 8070
5301 5308
7414 7419
7468 7476
2203 2213
6687 6689
5316 5320
2511 2519
4301 4307
724 734
3948 3956
6847 6856
2049 2063
9290 9302
564 564
6480 6494
3273 3274
3959 3961
5232 5237
5818 5826
4865 4879
3231 3240
1095 1098
6635 6643
8407 8418
7518 7520
7599 7607
5138 5146
3975 3980
4095 4099
1886 1890
7889 7893
9385 0
1154 1157
8746 8750
3294 3299
8513 8517
1492 1500
1587 1598
3219 3230
8479 8485
6766 6773
7144 7152
333 341
5344 5352
6751 6760
5663 5665
6217 6219
1343 1356
5152 5156
3175 3181
6365 6372
1076 1089
1077 1082
614 615
4243 4244
5902 5911
2265 2268
1596 1610
7840 7859
4241 4250
2524 2531
8826 8829
9245 9246
2231 2233
4396 4409
388 394
175 183
64 71
2371 2375
4635 4639
4058 4070
7647 7653
8688 8692
2763 2765
6402 6409
5901 5909
5362 5368
7683 7689
4942 4951
2122 2125
7933 7933
7158 7162
8349 8357
1481 1493
6504 6506
8505 8515
8575 8576
5711 5722
9320 9325
3951 3953
9149 9155
1052 1058
8774 8781
7739 7744
5942 5949
1364 1369
1561 1561
6838 6839
586 588
7256 7258
1152 1153
7178 7190
2327 2337
4355 4357
6099 6105
2956 2964
223 234
6842 6844
5166 5170
2057 2065
1317 1318
3456 3464
1417 1430
1392 1397
1074 1080
9025 9035
1239 1249
5795 5804
6348 6351
3738 3745
8151 8167
5503 5503
6979 6986
6027 6031
3924 3930
8631 8633
2387 2393
4938 4946
2334 2345
6532 6539
2476 2477
3726 3730
5250 5250
3799 3809
3856 3864
936 944
2198 2208
7374 7377
7660 7669
332 336
3024 3028
2271 2281
5825 5836
331 343
1636 1643
5858 5872
1468 1472
1200 1217
7750 7759
1960 1964
4701 4705
8312 8323
7930 7935
478 493
2824 2831
6295 6298
5064 5066
7423 7435
3178 3183
683 687
5591 5593
2457 2466
3768 3773
2379 2380
3793 3813
5190 5200
6546 6549
6570 6578
5305 5307
2994 3007
2534 2535
6076 6088
7777 7780
7872 7876
3238 3243
7762 7770
3157 3162
6649 6650
4839 4840
9289 9295
2086 2093
3022 3029
3846 3851
6247 6254
393 400
546 560
5796 5801
8395 8396
1353 1357
7283 7289
7854 7857
5631 5638
2603 2607
6696 6702
325 332
7503 7505
3200 3206
48 56
3401 3414
2457 2465
4077 4083
1284 1297
8290 8297
8861 8862
3465 3481
7021 7023
7422 7440
7192 7194
3132 3140
2475 2482
99 100
5781 5786
5854 5860
5322 5324
86 96
625 632
137 143
5427 5428
23 27
1476 1476
1926 1930
1118 1120
2866 2871
7879 7885
4844 4848
7263 7271
4007 4019
4437 4441
2050 2054
8905 8908
101 108
5487 5496
2278 2280
4610 4611
5895 5912
9239 9244
6022 6029
5864 5869
6282 6291
3141 3143
1883 1888
8599 8601
3668 3671
2421 2424
9111 9120
5201 5209
5142 5145
2683 2684
1155 1156
5519 5522
386 399
3586 3590
7473 7474
3546 3548
4746 4748
659 668
4632 4633
6969 6977
7405 7406
6414 6415
2800 2810
2202 2212
2554 2557
8255 8258
7763 7763
2319 2324
6646 6651
8409 8417
9091 9092
2781 2782
7222 7223
8770 8779
6940 6951
7494 7495
3672 3677
2056 2062
7024 7037
8906 8914
4781 4786
5433 5444
304 306
4107 4119
1880 1889
6688 6692
6834 6836
5181 5182
1744 1752
6234 6237
8150 8165
4454 4463
5911 5915
7786 7789
1272 1286
6438 6443
3881 3884
7986 7995
2733 2734
9104 9112
6788 6790
4080 4086
8028 8038
1319 1324
5835 5840
7066 7075
5207 5213
5033 5040
6069 6081
3676 3681
5400 5404
4929 4930
6482 6496
1312 1315
8283 8287
9118 9124
7751 7767
1793 1806
1583 1583
3048 3051
2347 2358
1659 1662
6493 6497
920 922
6420 6421
5051 5052
799 809
4909 4912
9168 9169
9016 9022
4262 4271
430 431
1900 1909
5393 5396
4072 4073
2638 2646
5323 5328
3046 3055
7343 7346
7828 7849
6840 6841
5947 5948
7443 7444
75 82
5936 5939
4934 4940
1829 1848
2742 2743
6973 6976
4913 4915
4668 4671
414 415
2067 2080
5022 5028
8727 8732
486 498
6703 6711
7091 7094
2161 2166
3570 3571
2235 2244
392 403
8448 8449
7567 7570
6656 6663
519 520
5595 5596
5235 5236
4687 4694
457 467
5338 5339
2074 2084
673 678
6989 6999
4336 4337
6931 6933
1047 1048
4456 4466
1773 1781
7325 7326
5144 5148
3711 3718
1219 1222
3732 3735
2741 2744
3381 3388
7823 7838
2015 2020
6215 6222
3341 3343
1349 1354
1434 1440
4641 4649
2762 2776
5832 5833
7677 7678
8823 8828
5883 5886
1615 1624
347 351
760 765
6617 6621
8153 8162
1010 1019
6217 6224
3214 3218
5644 5650
7820 7825
6960 6963
9010 9014
73 81
1599 1600
6793 6804
5403 5411
6706 6709
1956 1967
946 957
1905 1911
4069 4074
1601 1608
573 578
620 628
6744 6748
3353 3361
6761 6761
40 55
348 353
6018 6028
636 643
4969 4970
468 470
689 697
7332 7344
4217 4220
9199 9200
7592 7602
6087 6092
1332 1337
6207 6211
4963 4966
1344 1355
3684 3690
7314 7328
6339 6343
7264 7268
5109 5112
6269 6271
2201 2214
2005 2011
7036 7041
7522 7525
7800 7808
8741 8748
3838 3843
1936 1939
7907 7913
4692 4698
2359 2366
4825 4830
4675 4680
8948 8951
985 986
1085 1088
3392 3396
7005 7011
117 124
1294 1306
7887 7892
6115 6123
213 225
2330 2340
8672 8678
1428 1429
1377 1382
2132 2137
3477 3488
1406 1421
4965 4968
3390 3398
4673 4674
1453 1459
3146 3150
1348 1359
7851 7855
7266 7274
7340 7344
5350 5351
6467 6476
5092 5095
4584 4592
6006 6011
6944 6955
910 912
1175 1182
6071 6080
8416 8422
8955 8958
9147 9159
8158 8159
4422 4431
278 286
4681 4690
2937 2944
9036 9046
4408 4412
4124 4129
2717 2720
3686 3693
4060 4063
6795 6805
4998 5003
379 385
580 589
8812 8820
8106 8109
8337 8343
3320 3335
1575 1585
741 753
7453 7457
7413 7420
4198 4209
2440 2443
6152 6157
3791 3794
9272 9273
3935 3938
7150 7154
7684 7691
7738 7747
1535 1538
1269 1277
6950 6957
1565 1580
2622 2626
3562 3567
6300 6303
3609 3619
2919 2925
8550 8551
2496 2500
4231 4234
8734 8737
6085 6095
4948 4949
919 929
7977 7978
1764 1770
6919 6925
6122 6129
1907 1918
8621 8628
623 626
8260 8269
6160 6173
8029 8041
6067 6073
4372 4377
6228 6229
6139 6141
9292 9294
158 162
2958 2959
8865 8881
6330 6336
3056 3061
5857 5873
4779 4792
4545 4552
4804 4813
4564 4570
2025 2030
599 602
3217 3224
3509 3521
4253 4257
2797 2803
349 360
8405 8411
2785 2791
2114 2124
8537 8542
8134 8139
449 461
356 356
2981 2989
6297 6302
9180 9181
9196 9204
6862 6880
1336 1346
839 842
8539 8549
9027 9034
8071 8072
3429 3432
1221 1231
3153 3156
54 57
9369 9377
2417 2419
4774 4777
2696 2701
4976 4991
7341 7351
4979 4982
1198 1213
8659 8660
2615 2623
4109 4110
7814 7829
5620 5622
952 956
129 138
6140 6149
2279 2291
3273 3282
4386 4395
2745 2752
6866 6886
3532 3538
6695 6699
8811 8817
1728 1734
7429 7431
8966 8968
5303 5304
8220 8224
1769 1778
2112 2118
3201 3211
8551 8556
1584 1589
8583 8586
3522 3527
3111 3112
3835 3836
739 750
5894 5898
7493 7507
2341 2351
4102 4113
2669 2682
8584 8591
8636 8644
8235 8236
7754 7761
5985 6000
1763 1771
5997 6003
7135 7142
1574 1579
5383 5396
9224 9232
3446 3449
6428 6431
8399 8403
1506 1517
4009 4014
3952 3963
5057 5069
6508 6512
7483 7485
1626 1628
3498 3498
8527 8530
5962 5967
6755 6758
4046 4055
2940 2946
8974 8976
898 901
5121 5123
5189 5197
3845 3848
3685 3692
3120 3131
4722 4727
2707 2712
2558 2559
7318 7327
3307 3309
4326 4339
7050 7056
6249 6256
9341 9347
2487 2498
6305 6306
7311 7316
2383 2388
9307 9317
3991 3994
9065 9073
9346 9348
328 344
6057 6063
2422 2425
7974 7981
7713 7721
154 164
5748 5749
802 813
5764 5768
3184 3187
9254 9259
1480 1490
2109 2113
4373 4385
4780 4788
3559 3563
5678 5679
2426 2430
7376 7383
8832 8840
4045 4053
2276 2283
3095 3100
8463 8468
4152 4158
292 298
2239 2243
1073 1073
7500 7501
1527 1530
1677 1680
7141 7155
5566 5567
5685 5692
748 758
3225 3235
4484 4488
2104 2110
2381 2385
6316 6322
5120 5124
6311 6320
6728 6734
6383 6393
7185 7188
6781 6787
2777 2784
3954 3962
321 335
1693 1703
1273 1275
4002 4006
7884 7897
7718 7727
7799 7806
9334 9337
4571 4576
8476 8477
924 930
1180 1190
7491 7499
5841 5843
6271 6278
5654 5659
5437 5449
4399 4402
1423 1438
6888 6895
4731 4733
3584 3589
7117 7123
7597 7601
1586 1592
5210 5217
5551 5554
8432 8434
1523 1524
5820 5829
8652 8664
1563 1564
6595 6605
809 819
1820 1823
6928 6937
4860 4874
4078 4082
4093 4096
8872 8879
7379 7388
5274 5277
9171 9181
6035 6037
3599 3604
3647 3654
4650 4656
6661 6662
4544 4549
4784 4785
2461 2471
2604 2605
1328 1340
8691 8698
7972 7979
2310 2313
6794 6802
2483 2486
2547 2548
831 837
1569 1576
2 9
4642 4651
9377 9381
3999 4005
5780 5782
5866 5880
4111 4116
8626 8638
663 665
1594 1603
4569 4573
6245 6253
409 413
7937 7946
7411 7415
448 454
2689 2694
5035 5042
60 67
7067 7068
9250 9265
5477 5480
4203 4207
2272 2284
1575 1578
4126 4135
4652 4653
1735 1739
3789 3801
7480 7481
8803 8806
31 49
1144 1145
1263 1270
7903 7911
8435 8444
2718 2724
4654 4658
7342 7350
7390 7396
6010 6017
508 513
2464 2472
6068 6070
3045 3047
4526 4537
7826 7831
4932 4937
3549 3552
3 5
907 911
5847 5851
6357 6358
579 583
7794 7802
6345 6353
161 170
8168 8176
8104 8108
4400 4415
4556 4558
548 549
1162 1165
6030 6043
3842 3844
4296 4297
4323 4331
4540 4550
3391 3397
2754 2758
5974 5987
7694 7700
29 42
5402 5408
5552 5563
8363 8368
3114 3116
7679 7692
8850 8861
7267 7272
1232 1240
3996 3998
6523 6525
6034 6037
699 704
5719 5731
8207 8208
6648 6662
2250 2253
2117 2131
822 827
5135 5136
7555 7558
4112 4122
5734 5739
2799 2809
9011 9018
7475 7478
244 256
740 747
8521 8531
1551 1562
76 79
6318 6325
1022 1032
7647 7654
7649 7656
5023 5024
5928 5930
9375 9384
300 301
6673 6675
2155 2156
4151 4154
8807 8813
2895 2901
2827 2830
464 472
6543 6549
84 98
4164 4171
6216 6223
1446 1450
6990 6992
4139 4146
1684 1695
9175 9185
7461 7463
1261 1265
3967 3968
4324 4329
4835 4841
8816 8825
8213 8219
3625 3628
94 103
7511 7512
2857 2860
6191 6206
9132 9133
1223 1230
2103 2108
7244 7252
3424 3434
6053 6059
892 902
6347 6350
2770 2783
1169 1170
4885 4889
288 291
5998 6018
9359 9360
5614 5618
6657 6670
5632 5634
2040 2043
5789 5793
1420 1427
8096 8107
8793 8802
4623 4629
5212 5215
6270 6277
5363 5376
6388 6398
3354 3358
742 745
769 774
2996 3001
6403 6406
5275 5290
3978 3987
1567 1573
5262 5269
6917 6924
8681 8687
877 878
233 248
2003 2006
2941 2949
4081 4084
2706 2710
5015 5023
4448 4462
8268 8275
718 731
1534 1537
4229 4233
483 488
2305 2314
1915 1919
8489 8493
5738 5744
6417 6426
5493 5497
5319 5321
8978 8995
6187 6203
118 127
2836 2843
303 309
1202 1210
8805 8814
5044 5056
6108 6115
2952 2953
9012 9017
4693 4696
1753 1765
3407 3418
1271 1276
7699 7704
3318 3319
3002 3011
2975 2988
7217 7229
8051 8058
7130 7139
1809 1811
3087 3092
5460 5466
9188 9201
3095 3103
8910 8917
2971 2982
1799 1807
917 918
3708 3712
3573 3575
927 928
9326 9329
9186 9197
4163 4173
1311 1313
8824 8830
167 173
7080 7082
3152 3154
5529 5537
4001 4006
5099 5108
153 155
3944 3947
4713 4720
5049 5060
1452 1458
1748 1751
9084 9089
7598 7610
1091 1102
8034 8035
3226 3233
5550 5560
7560 7564
2146 2149
909 914
5765 5775
7594 7595
606 618
4116 4117
1697 1704
4609 4616
6183 6195
6079 6084
7655 7657
3412 3417
5199 5208
1671 1679
5230 5238
465 471
2904 2912
90 107
8085 8086
4606 4620
4533 4539
5982 5985
7539 7543
4044 4051
7101 7113
7454 7470
5916 5919
8179 8189
9276 9279
2361 2369
231 240
7012 7019
4588 4596
8571 8573
8298 8299
6033 6039
2768 2777
5774 5776
1855 1862
603 612
2816 2821
939 942
3937 3941
132 135
6441 6446
3826 3831
6427 6437
6413 6425
5357 5359
4897 4905
5742 5743
9367 9371
83 89
6177 6184
8842 8851
5874 5881
6861 6868
8381 8382
9342 9352
1259 1262
1003 1006
5964 5964
7069 7073
1487 1494
478 481
7716 7724
5579 5592
3439 3448
5800 5807
6375 6378
1445 1456
582 592
3945 3950
7663 7668
2844 2851
3478 3483
2552 2556
316 326
3917 3922
4161 4165
8383 8385
1664 1670
6694 6697
9353 9353
9062 9066
5683 5694
4371 4375
8344 8347
7964 7969
6747 6752
3910 3915
7103 7106
9169 9176
4563 4567
4010 4022
1931 1932
6830 6833
2606 2609
7966 7976
422 432
4974 4988
1508 1511
3389 3395
7843 7850
8627 8641
6444 6448
126 128
8304 8308
3923 3926
8030 8039
7292 7295
4928 4936
6947 6961
2870 2875
1437 1449
151 163
7426 7438
1533 1542
5740 5750
37 47
1013 1020
8461 8474
7195 7199
5465 5474
4406 4413
5803 5808
7583 7584
96 114
4548 4553
2643 2645
2133 2140
2017 2023
3454 3457
7028 7035
782 793
1061 1067
3705 3710
4530 4536
6554 6564
8821 8822
9184 9192
190 193
2692 2698
3582 3592
7072 7081
8551 8558
2257 2259
5160 5161
4479 4486
4574 4578
1203 1205
6115 6116
1390 1404
6161 6166
1718 1725
9343 9344
537 544
4013 4015
3804 3815
7322 7327
3496 3497
1229 1229
9387 9388
676 679
2551 2561
8876 8891
7209 7215
7527 7541
6912 6914
9163 9164
6 8
5686 5687
5434 5438
5849 5855
5139 5143
7707 7708
2035 2044
653 662
2493 2502
1234 1242
4581 4583
7167 7183
6416 6422
5090 5094
6460 6469
8293 8296
6038 6040
8201 8206
4346 4352
9074 9081
7589 7590
1005 1015
1451 1460
3860 3866
363 373
6923 6928
9056 9059
627 633
8671 8680
7873 7877
6225 6227
6890 6902
5876 5884
8275 8280
9154 9156
6288 6289
2225 2230
4356 4363
5507 5512
5494 5495
478 495
5036 5037
3656 3657
8971 8977
2503 2509
6959 6964
8048 8050
2819 2820
2538 2541
1617 1620
4911 4916
2064 2072
3943 3945
8653 8654
4762 4768
1558 1566
8701 8708
3924 3925
6585 6587
5372 5372
2625 2630
8649 8661
1505 1519
8849 8853
7197 7203
7450 7465
1279 1280
5085 5100
7070 7083
8631 8643
4878 4884
2888 2894
5649 5652
8658 8665
5267 5278
2229 2234
1722 1731
8614 8620
8690 8696
6117 6120
4718 4721
1441 1454
2263 2267
7102 7104
4435 4438
7880 7896
4497 4498
4162 4172
3222 3229
4816 4820
4142 4144
5436 5447
97 106
8986 8996
527 528
6114 6121
4617 4624
7817 7818
3752 3755
4958 4960
7734 7741
1017 1017
3189 3190
255 271
1715 1723
8197 8202
4501 4509
6230 6231
3402 3415
6474 6480
5810 5815
6572 6573
7004 7017
253 264
1838 1849
3367 3382
8387 8390
5751 5762
4194 4207
2240 2249
857 871
5668 5673
104 112
5655 5658
6019 6021
1990 1993
7932 7936
6005 6014
3665 3667
9275 9284
211 214
4753 4755
1782 1794
7138 7143
2075 2082
3385 3386
5159 5164
667 672
729 735
6994 7001
6170 6179
1160 1167
2490 2506
6744 6750
6499 6503
1630 1635
3259 3262
327 332
5975 5977
8254 8259
8854 8858
6096 6106
2171 2184
3468 3469
4307 4311
8860 8880
5083 5093
6627 6629
6374 6379
4258 4259
2329 2333
4141 4149
3725 3734
3714 3723
4392 4393
3077 3081
3268 3276
8216 8222
4071 4073
6255 6257
4199 4201
3678 3680
1933 1937
41 43
2134 2136
3072 3085
3569 3577
2926 2931
5191 5196
7771 7774
8441 8447
8611 8616
5102 5106
469 475
8963 8970
5072 5080
8455 8456
5555 5564
8923 8927
524 529
4710 4712
15 22
9080 9088
8040 8042
2873 2882
594 600
8898 8903
185 186
5448 5449
1204 1213
199 206
4782 4794
3828 3834
3169 3171
9212 9217
5516 5524
5242 5252
350 352
8166 8178
5429 5432
5221 5227
2339 2346
1004 1009
6102 6107
3289 3295
3872 3878
6074 6089
9224 9237
7349 7354
1050 1051
1060 1065
2094 2095
1896 1908
8398 8404
4872 4881
3591 3591
7765 7768
45 46
2382 2391
1379 1380
1898 1904
8666 8670
995 997
6583 6593
1144 1146
1713 1714
4927 4928
3239 3242
407 412
2099 2103
1709 1710
5508 5510
492 499
629 630
1402 1403
1071 1072
4152 4157
5173 5180
4812 4822
4275 4284
2309 2318
1754 1756
8336 8342
7565 7566
6150 6159
7955 7962
1285 1300
7033 7034
1307 1309
6652 6659
380 391
1407 1411
8458 8470
6811 6819
1525 1529
3351 3359
3261 3265
7894 7902
6868 6879
3516 3525
8141 8149
5706 5714
7096 7102
6814 6826
2200 2205
8944 8950
4857 4858
8754 8761
5752 5753
9248 9249
7866 7871
7642 7651
3302 3304
3507 3515
3702 3704
2945 2954
3785 3796
8859 8863
7301 7305
6749 6753
2542 2546
1290 1296
3858 3868
7671 7676
8718 8723
7756 7760
4923 4931
2332 2338
7339 7345
8165 8180
5783 5784
3900 3904
3376 3380
7753 7755
8301 8302
6012 6015
1127 1130
7477 7479
6615 6616
1832 1837
5979 5991
2947 2957
2441 2445
7212 7226
6050 6052
8700 8712
5027 5032
6623 6630
2105 2116
1742 1747
3995 4000
5993 6007
5356 5360
8993 8998
359 372
5705 5706
1163 1172
786 796
2438 2442
5342 5345
8430 8442
6205 6214
7427 7433
7231 7242
8217 8223
4087 4091
7504 7513
4461 4471
9379 9382
2446 2453
8937 8942
3467 3473
3474 3475
9274 9282
2349 2354
5381 5395
2906 2917
2789 2795
2096 2101
6878 6884
345 358
7845 7854
9040 9048
5184 5194
7856 7864
3508 3523
2913 2918
851 862
5856 5862
9144 9157
5279 5288
2057 2068
8510 8512
1588 1597
2864 2872
4394 4398
5980 5986
518 521
2711 2717
2726 2731
1220 1227
9135 9137
8496 8501
8800 8801
18 26
2308 2311
1117 1126
5240 5249
5548 5562
693 701
5509 5520
6550 6550
140 144
4480 4485
8871 8882
2573 2584
2455 2467
4903 4907
1433 1443
4327 4332
6169 6172
1638 1641
1514 1516
5543 5547
2992 3009
9208 9210
2394 2398
8334 8340
3253 3256
3267 3279
6725 6729
5643 5645
1029 1030
2672 2680
141 142
6387 6390
5518 5527
5128 5130
8130 8133
4176 4184
6971 6980
5478 5488
3298 3308
3641 3646
8116 8125
2492 2501
6630 6637
4195 4200
863 872
4607 4612
6385 6395
2292 2298
7095 7102
8319 8325
6596 6608
503 511
3379 3387
5343 5348
9293 9300
9098 9098
9033 9044
4192 4205
9039 9048
8118 8127
7225 7233
2117 2130
5058 5071
972 980
2169 2175
4986 4989
10 11
1526 1528
4955 4959
8739 8740
7938 7945
3375 3384
4388 4390
6267 6273
6965 6970
8204 8212
4426 4429
6916 6920
1031 1034
2379 2384
1906 1910
8930 8933
68 69
8289 8295
2021 2024
8072 8073
6101 6109
9374 9378
8867 8885
4871 4873
866 876
6987 6991
6527 6531
8095 8097
6929 6932
5837 5842
6220 6221
5794 5799
8642 8648
1690 1694
2833 2839
7009 7015
8961 8964
5906 5914
1987 1991
7110 7119
2010 2018
5264 5272
402 405
1023 1027
7085 7089
219 221
6054 6062
8714 8722
58 65
3899 3908
1069 1070
8362 8364
7270 7286
7125 7134
1257 1260
5005 5013
4379 4383
374 381
5556 5557
1534 1539
8069 8074
4887 4892
5501 5504
2167 2169
2665 2666
649 650
1705 1708
681 691
8046 8054
1087 1100
2705 2710
1783 1796
4477 4483
9222 9234
2874 2879
8026 8037
3649 3652
3137 3149
8528 8535
3075 3076
2368 2370
6813 6824
9391 4
1924 1927
2478 2481
5045 5050
9283 9288
4893 4898
5417 5418
9020 9023
8471 8481
2574 2589
9315 9323
6678 6686
8492 8502
4492 4499
8038 8049
6344 6349
6792 6799
2909 2921
2640 2649
7335 7336
2059 2061
4832 4838
3602 3606
6881 6887
7950 7952
4918 4919
14 21
7993 7999
237 242
8520 8523
5976 5984
2309 2316
2325 2331
7702 7715
1531 1540
9229 9231
9096 9106
171 176
4130 4137
538 542
4500 4503
1554 1559
4996 5002
2449 2450
8544 8545
5219 5223
5628 5633
5012 5016
1075 1079
389 398
834 840
7631 7635
6745 6756
6796 6806
6194 6201
7039 7044
3979 3984
3620 3630
4418 4430
3539 3540
4290 4294
5314 5315
8504 8514
1475 1478
3806 3817
6315 6317
4223 4228
7618 7619
8080 8087
4560 4561
791 800
4864 4870
2567 2582
1326 1329
7529 7542
1498 1509
5861 5877
9351 9356
4557 4566
263 269
2456 2469
1334 1345
3398 3399
7455 7464
8525 8534
3648 3650
4945 4952
607 616
4291 4291
3326 3337
5623 5624
1920 1925
364 366
1435 1448
2429 2433
8655 8668
7772 7775
9238 9243
3115 3125
3068 3080
9072 9078
238 243
3330 3332
5073 5074
2123 2129
3234 3237
7359 7364
1193 1197
3841 3847
8291 8292
4277 4285
3719 3724
1762 1768
5398 5407
1843 1852
4688 4689
6588 6602
5158 5162
638 644
5639 5642
3776 3777
4852 4856
605 611
146 152
272 282
8869 8878
795 795
3509 3512
235 235
4160 4168
7129 7136
3596 3610
7502 7509
8031 8036
2974 2990
6312 6313
7748 7764
1199 1211
690 702
437 444
482 489
3878 3880
567 569
2474 2479
2604 2614
8839 8845
1640 1648
7562 7563
5452 5458
915 923
2985 3000
5693 5702
2031 2033
3595 3608
3487 3491
3292 3303
1358 1360
6103 6110
7965 7971
7259 7265
4866 4871
2522 2525
2032 2034
7579 7581
9129 9138
3582 3587
7237 7245
3031 3037
6679 6683
2356 2366
7891 7897
7917 7921
1038 1046
6715 6724
619 622
5917 5920
2678 2679
2499 2508
9202 9213
7260 7262
1206 1212
4016 4018
2317 2320
5757 5760
7193 7198
1393 1399
5502 5506
1059 1062
8075 8081
3786 3803
6810 6816
5220 5222
5940 5952
4397 4410
1224 1233
4274 4276
5176 5178
7847 7858
1665 1672
1873 1877
7093 7099
4011 4021
926 933
4368 4369
2431 2434
8755 8767
4528 4531
2923 2934
7392 7392
5545 5553
815 821
6765 6768
8954 8956
1729 1740
217 224
1750 1755
4264 4268
4084 4085
7697 7701
7710 7714
6307 6308
9319 9332
4817 4818
3267 3271
5681 5684
8597 8604
2245 2246
8518 8526
5293 5300
897 903
5361 5370
7446 7451
6126 6127
9378 9386
1633 1642
2058 2060
2602 2610
3428 3436
9288 9303
8240 8241
7531 7534
7284 7288
6983 6984
6143 6144
5193 5206
767 771
8949 8953
5972 5981
6083 6097
8453 8465
6858 6861
8052 8066
4523 4535
9309 9313
9024 9028
2158 2160
4293 4299
778 785
6041 6047
1624 1627
3013 3014
7221 7224
7275 7291
7730 7733
4100 4106
1462 1470
3147 3155
8738 8743
4263 4270
5901 5910
5610 5615
1707 1712
166 168
1386 1401
8869 8884
3495 3499
4661 4669
7682 7688
2210 2219
3957 3965
572 585
4902 4904
7804 7809
9068 9077
7404 7408
2965 2972
1384 1396
1938 1947
8836 8841
1368 1370
2576 2591
3886 3888
7402 7403
5472 5481
5059 5060
5126 5134
5492 5504
4723 4727
2275 2285
3136 3138
7728 7735
1798 1808
1035 1041
526 535
8059 8062
7251 7254
6634 6638
7958 7960
3078 3086
2150 2157
2142 2147
4590 4591
1090 1096
210 212
5001 5010
6851 6854
1658 1660
4767 4769
3664 3673
70 74
1928 1931
5651 5657
3669 3670
1237 1247
9262 9263
3749 3757
5100 5105
6192 6197
4532 4543
2207 2220
9148 9166
8646 8651
4326 4333
8137 8146
5110 5113
3504 3505
6592 6598
4724 4734
4089 4090
7116 7126
4302 4312
7330 7331
1057 1063
3853 3863
4714 4715
6934 6939
5420 5425
1711 1721
9364 9365
6885 6891
2399 2401
3574 3578
7517 7517
2206 2210
1619 1622
7201 7208
1482 1483
664 666
8574 8578
5923 5931
7510 7514
3971 3976
9177 9184
6967 6972
7165 7169
3986 3991
6100 6111
1432 1443
3189 3195
9123 9123
3192 3202
7120 7121
5971 5973
2955 2960
2046 2052
9296 9312
5630 5635
845 850
5017 5019
3373 3383
2036 2042
3912 3913
3635 3638
6726 6735
3931 3932
2152 2153
5261 5265
4125 4131
3255 3260
945 954
1625 1632
1243 1250
4676 4679
5578 5589
5332 5332
2999 3005
3534 3541
1999 2001
4659 4665
6376 6377
3892 3898
1668 1669
680 685
2120 2128
2747 2755
2898 2902
1741 1746
6003 6013
5994 6002
7729 7742
931 938
7655 7658
9085 9090
7927 7931
3731 3736
1776 1786
1733 1737
480 497
5055 5061
6893 6905
2987 2998
1958 1968
5671 5680
3207 3209
4054 4065
5480 5491
894 895
1847 1853
4066 4067
8371 8376
637 647
7296 7298
1860 1869
5169 5177
2232 2241
3751 3762
1992 1994
3278 3284
9297 9305
9370 9373
1413 1424
6394 6396
2840 2852
8565 8566
5246 5257
3825 3832
4460 4467
6046 6049
1147 1148
4729 4730
3371 3378
8136 8147
2178 2179
474 482
1950 1955
8341 8344
252 270
6280 6284
7989 8003
6542 6545
1333 1347
8751 8757
5479 5490
4391 4398
8229 8231
8375 8377
5111 5115
905 913
8671 8676
3696 3698
3019 3021
6732 6742
6279 6281
3897 3907
2209 2218
1137 1143
3038 3040
3272 3275
1792 1800
6395 6396
3771 3772
6478 6487
9214 9219
7865 7867
3682 3688
1543 1545
2854 2859
8730 8736
6369 6371
3565 3579
771 776
6128 6130
3264 3269
7557 7559
8045 8047
2823 2825
1744 1749
4058 4064
1298 1302
50 51
3744 3748
3958 3970
2085 2087
1496 1504
6132 6142
7940 7942
6189 6193
5312 5317
5041 5047
3743 3756
2296 2302
3883 3891
102 113
8358 8369
4757 4765
6505 6510
7025 7027
1439 1447
5179 5183
7624 7626
3494 3500
5627 5637
6455 6465
2586 2597
8699 8709
9172 9173
4603 4613
2248 2251
6334 6341
6502 6509
3779 3782
3017 3025
7020 7030
3352 3357
8007 8020
7140 7146
3194 3205
7016 7016
6285 6286
5489 5500
5721 5725
4637 4643
5598 5602
7870 7874
7922 7925
6540 6541
6982 6985
7906 7909
4631 4636
232 236
4797 4801
2013 2022
7128 7131
8679 8686
6558 6565
5416 5423
7970 7975
2585 2598
6173 6174
4347 4359
6600 6601
9277 9287
2252 2258
7853 7863
4678 4691
934 941
2728 2729
6058 6061
8486 8487
6131 6134
5294 5298
6754 6755
896 906
3126 3139
3916 3927
1788 1802
534 543
2289 2293
3404 3406
916 921
4026 4035
7633 7639
3107 3109
3631 3636
7630 7634
4636 4638
7886 7888
757 761
8610 8616
6803 6807
9240 9241
979 984
226 230
904 908
7912 7920
3639 3642
3622 3632
8406 8419
7914 7915
6612 6614
7637 7646
6077 6090
8305 8314
5568 5573
7537 7547
5354 5369
5689 5697
2427 2432
505 512
7615 7622
9215 9220
7939 7947
7990 7997
7380 7384
1984 1986
7087 7097
2578 2588
5405 5410
6471 6472
8140 8152
1716 1720
5326 5331
1412 1416
1818 1830
6900 6902
3119 3122
8969 8972
2523 2530
9226 9226
9089 9094
5498 5505
3981 3992
1419 1422
6310 6314
4481 4489
7638 7652
4140 4147
5347 5355
6155 6163
9301 9306
3615 3626
5283 5285
5387 5401
2277 2288
3291 3297
9041 9047
608 610
3638 3641
330 347
4961 4971
8919 8924
1681 1687
1854 1864
859 861
6401 6411
1160 1166
4432 4434
8079 8088
671 675
7459 7462
6871 6877
196 197
720 723
950 965
8013 8019
6567 6581
4565 4568
2529 2533
2756 2761
5524 5528
7039 7043
8769 8778
1616 1618
8623 8630
6628 6633
6246 6252
8704 8715
8330 8332
635 641
7643 7644
7951 7954
4611 4619
1590 1595
8833 8846
4286 4292
1365 1373
5867 5877
639 648
9043 9049
8896 8900
8438 8439
289 294
9131 9141
6863 6864
1036 1040
4972 4975
8077 8083
3212 3213
7045 7049
8113 8120
3359 3363
1637 1639
8809 8815
4600 4604
550 558
8753 8766
312 312
9032 9037
2544 2553
8124 8132
769 773
2097 2106
3700 3703
3117 3131
8557 8561
2383 2390
1466 1471
6906 6908
7276 7282
2396 2405
6704 6707
6590 6594
6495 6500
6235 6238
1111 1114
2569 2579
8838 8843
5540 5544
424 428
4850 4854
1235 1246
2991 3006
25 36
3096 3097
2781 2786
5101 5107
4325 4328
2221 2226
7421 7425
3490 3493
9360 9368
6717 6722
7448 7456
4027 4033
8789 8790
9271 9272
1405 1410
5241 5245
3890 3893
8883 8893
9063 9071
3706 3707
2979 2983
8959 8967
5140 5141
4634 4645
2286 2290
2507 2513
6167 6171
3808 3811
3186 3197
830 838
3148 3151
3954 3964
2637 2647
6367 6368
5186 5195
6559 6569
6948 6958
8437 8443
5751 5754
3073 3079
3542 3545
1903 1913
9301 9311
427 436
4980 4983
3030 3034
9142 9161
6790 6801
1103 1107
5445 5446
536 540
5943 5958
5153 5155
844 845
1605 1614
8356 8369
4921 4926
8272 8277
2069 2079
4298 4304
8503 8508
6936 6946
932 937
2255 2261
7690 7695
2651 2654
8962 8965
2766 2775
709 715
6731 6739
5450 5454
3167 3170
8511 8516
2853 2856
5082 5097
1779 1780
2994 3008
6710 6716
1425 1436
7703 7716
5546 5565
5527 5538
6737 6741
9380 9390
5280 5282
2238 2242
7417 7424
6691 6698
4251 4254
5606 5607
1666 1667
8466 8478
7230 7232
4310 4316
545 551
2540 2543
6268 6270
4114 4120
8609 8612
6044 6051
1757 1758
8281 8285
1104 1109
6641 6645
1503 1513
8012 8016
5788 5794
32 35
4934 4941
1158 1162
1092 1094
8270 8274
2969 2976
9051 9053
5656 5660
1942 1945
1553 1555
7445 7452
4732 4736
1651 1655
805 812
3643 3645
5852 5860
3966 3974
5218 5224
3328 3336
5390 5391
2451 2454
4191 4210
1464 1467
8320 8322
7334 7337
3144 3148
7108 7112
1821 1840
6463 6469
3949 3955
4023 4036
3869 3874
8316 8321
5384 5397
6720 6730
4542 4547
3223 3225
6791 6798
4097 4104
4121 4128
6767 6772
4348 4360
7064 7074
2168 2174
7386 7391
13 19
4625 4627
3044 3053
53 59
4340 4342
4990 4999
2019 2028
6072 6078
3410 3420
1656 1663
1652 1661
3619 3627
6636 6640
4256 4260
6869 6873
4795 4798
4920 4925
4361 4370
7160 7172
315 323
3251 3257
5463 5468
8831 8844
3052 3062
6978 6981
7803 7807
3310 3311
2670 2684
3894 3901
8907 8916
1521 1522
4421 4424
8467 8473
7086 7092
6522 6530
4520 4534
887 888
2307 2315
1975 1978
147 149
5549 5559
824 829
8716 8717
597 601
6589 6604
4442 4452
7586 7593
1378 1388
3016 3019
268 275
3902 3909
4575 4579
1882 1891
7746 7757
6671 6672
3362 3374
261 273
1097 1101
3607 3613
3681 3689
6226 6229
7677 7686
7268 7277
5718 5728
1054 1055
4683 4686
2355 2357
8144 8147
726 728
2892 2899
6066 6075
8355 8360
1110 1113
2199 2211
2138 2144
2616 2625
8098 8103
5295 5303
4094 4098
6408 6410
4608 4615
3741 3750
2527 2532
8232 8238
4933 4935
1244 1253
6719 6721
2792 2801
8499 8509
7436 7442
5848 5850
7471 7472
7687 7696
7484 7492
8639 8647
4890 4900
3365 3370
5451 5453
3312 3323
5712 5717
2671 2685
3393 3408
4047 4050
566 571
9055 9061
1000 1008
3097 3105
8928 8931
6848 6849
4032 4034
5730 5735
5289 5297
5587 5599
396 406
9142 9162
3327 3331
7047 7052
2662 2663
1043 1049
8041 8045
6001 6009
880 883
6586 6603
2224 2227
8590 8595
1839 1846
7062 7070
4954 4956
7961 7963
6632 6642
4174 4177
6352 6355
6283 6287
2196 2197
7363 7367
8450 8460
2163 2165
3060 3063
5526 5530
5485 5486
1827 1830
1962 1965
4819 4831
5165 5165
3121 3134
4101 4108
3770 3778
8603 8606
746 756
3738 3739
447 452
1946 1951
3356 3368
203 208
3896 3906
8138 8148
2722 2725
3099 3102
9152 9156
1952 1963
8540 8547
487 491
9266 9267
652 656
7919 7929
8307 8310
1245 1258
8980 8988
1342 1345
7375 7385
1785 1797
7779 7781
8090 8093
118 119
9050 9054
5268 5271
2514 2516
9057 9058
9248 9257
4295 4308
6897 6903
1136 1141
5523 5535
574 584
5667 5669
6712 6713
669 670
2980 2984
7524 7536
5951 5956
1857 1870
2673 2674
6988 6996
6055 6060
8359 8366
2009 2016
2555 2563
1856 1858
6380 6381
7973 7983
6419 6424
7356 7366
3248 3254
1599 1611
2273 2274
3611 3616
6968 6974
7309 7310
8413 8425
329 337
2448 2449
5640 5641
6135 6136
1977 1982
6187 6204
8190 8191
6240 6242
1833 1845
2698 2703
3459 3463
8183 8193
5921 5922
6501 6507
3581 3583
2048 2060
7784 7790
8720 8721
7568 7573
1954 1957
5648 5653
634 639
4741 4744
8983 8992
3293 3296
5870 5879
9110 9116
1462 1463
3348 3364
4709 4717
7645 7656
6517 6518
2709 2715
3612 3621
5581 5583
7506 7515
6883 6894
6450 6457
3413 3419
5771 5777
3969 3973
1207 1215
8901 8909
4040 4052
7213 7216
5733 5736
4559 4559
7987 8001
6727 6736
1195 1208
8276 8284
6774 6780
8936 8939
2653 2660
1738 1743
8053 8056
3203 3208
9236 9251
5890 5900
7498 7509
3580 3585
3918 3928
453 456
8497 8500
1323 1335
2787 2790
2837 2847
7200 7206
1188 1209
8875 8886
5616 5621
4273 4279
6004 6016
8256 8261
1859 1872
6852 6853
4716 4725
9355 9363
6423 6435
7382 7394
5470 5471
1874 1878
8211 8214
2204 2215
1602 1607
843 853
2697 2704
9376 9383
7725 7736
4138 4148
8999 9005
3870 3870
7393 7398
6470 6481
1544 1546
7048 7055
6439 6454
1252 1256
4465 4473
8388 8389
6451 6458
2294 2297
281 283
3372 3377
5087 5098
9253 9258
2746 2748
1501 1507
6173 6176
3788 3800
220 228
6218 6225
8768 8776
9345 9354
6562 6568
1375 1381
105 121
3425 3430
6954 6962
7745 7752
440 443
2462 2466
1814 1822
6639 6645
5038 5043
8464 8472
375 382
2038 2041
983 988
2566 2580
2993 3010
3606 3618
8320 8331
1874 1881
6875 6887
7168 7175
8408 8421
2668 2670
8980 8982
9228 9235
7105 7105
7493 7496
4697 4703
5399 5404
1056 1059
4511 4519
9361 9364
6520 6524
3873 3877
6301 6309
4843 4845
556 559
2688 2690
4039 4041
2613 2620
1135 1138
8618 8622
4347 4349
7333 7338
3713 3722
5904 5908
477 485
5469 5475
2000 2000
7352 7361
9070 9075
1912 1922
6560 6566
61 66
8866 8877
8560 8564
6094 6098
8288 8294
5114 5118
5887 5897
8433 8436
2810 2818
4197 4204
44 52
8777 8780
8628 8632
2967 2973
3020 3026
8926 8929
7370 7378
8984 8991
7941 7944
3321 3322
4212 4219
5414 5415
655 660
2834 2841
9076 9079
8143 8145
4123 4127
308 313
1150 1159
4427 4428
5597 5601
3547 3555
593 604
738 749
1281 1289
4719 4728
6571 6584
2930 2951
7856 7862
4439 4443
674 677
4505 4506
5572 5577
6690 6693
218 222
8157 8172
752 763
7188 7191
3717 3728
1921 1923
4565 4572
2128 2139
8724 8726
8168 8170
7606 7613
7032 7040
1024 1026
4821 4827
7795 7805
3746 3747
4824 4828
2363 2372
885 886
1688 1689
1736 1737
1772 1787
4153 4155
4646 4648
3158 3161
582 591
860 873
8188 8195
6200 6209
5425 5431
66 72
5006 5011
7533 7548
302 305
1314 1322
3442 3447
6020 6023
925 935
3427 3435
7834 7836
7203 7210
6056 6064
9226 9227
8221 8228
8105 8111
1867 1875
1653 1654
7060 7065
2575 2577
2806 2811
5039 5046
7878 7882
376 383
1979 1983
5103 5104
1976 1985
1037 1045
7875 7876
3822 3830
4132 4135
8650 8662
5461 5471
8196 8203
7348 7358
8784 8795
241 254
4236 4245
4928 4939
6817 6822
215 227
2488 2494
2796 2805
9203 9207
9097 9107
6850 6855
2512 2515
1826 1841
5260 5263
2113 2121
7576 7578
9284 9285
8587 8597
87 93
4810 4814
4962 4967
4300 4305
4823 4833
539 541
2334 2343
7297 7300
5020 5031
5228 5233
934 938
1699 1700
1316 1331
5753 5759
6318 6321
110 111
7883 7898
8011 8025
2187 2195
2186 2189
1989 1995
2638 2649
7432 7439
5612 5617
6112 6124
7526 7535
4057 4062
8913 8916
4875 4876
8522 8529
6024 6026
2374 2377
7569 7571
5014 5021
8114 8117
7486 7488
2287 2295
711 712
6405 6418
125 134
1935 1940
3675 3683
6042 6048
5996 6005
1861 1868
1338 1350
7726 7731
682 684
1959 1972
418 419
7132 7133
5453 5455
9083 9086
6164 6178
5534 5539
2605 2611
7294 7299
4614 4618
9108 9115
7659 7661
5185 5198
8733 8742
4510 4513
3438 3450
5905 5913
7173 7180
3914 3924
1701 1706
2881 2893
4416 4425
2222 2228
3442 3444
786 788
150 157
1169 1171
7051 7058
9003 9004
7412 7418
3058 3066
4647 4657
4867 4880
2572 2581
8246 8251
5938 5950
1581 1582
6733 6738
6680 6681
794 797
3781 3784
6829 6831
3313 3325
4796 4806
9252 9256
4953 4957
6366 6373
6832 6835
9343 9349
3089 3093
7603 7605
2400 2404
6658 6665
2911 2914
4470 4476
4883 4888
8788 8791
8018 8022
4185 4188
4771 4775
6517 6521
2463 2468
1409 1414
7540 7546
6274 6275
1675 1682
2695 2699
1591 1591
7053 7054
899 900
3529 3533
5729 5732
319 338
7640 7641
705 708
3583 3587
8765 8773
3859 3861
6700 6708
1320 1330
3976 3982
8580 8585
7409 7410
3862 3867
3754 3767
8200 8205
1361 1366
5325 5327
3360 3369
7371 7381
4868 4882
2844 2845
4752 4759
4493 4496
717 721
17 24
6785 6786
295 297
5202 5214
3593 3601
1844 1853
2794 2802
3655 3663
4973 4987
3285 3288
574 581
577 590
8373 8379
1717 1726
2037 2045
6647 6660
7627 7632
4450 4457
1014 1016
8378 8380
4469 4475
4265 4266
8056 8061
846 855
1943 1949
8855 8868
4585 4593
5025 5034
4133 4136
4061 4068
5309 5313
3802 3814
4981 4994
6610 6619
6625 6635
2083 2089
959 973
276 277
454 460
5960 5960
6466 6473
5147 5150
7098 7100
7812 7815
3142 3149
8076 8078
8613 8619
1897 1902
2423 2428
9198 9205
8979 8989
8519 8524
5603 5609
4306 4314
5757 5764
5788 5792
507 514
8263 8265
970 974
2408 2409
5009 5018
6181 6192
2414 2415
8181 8182
714 716
624 631
7881 7899
530 533
4685 4695
4196 4208
5337 5346
6966 6975
260 266
3886 3889
3733 3742
2027 2029
5785 5787
3215 3220
6821 6823
9026 9031
4808 4815
8082 8084
5813 5814
3759 3761
506 510
280 290
4170 4179
599 608
4076 4079
5459 5467
1002 1004
2135 2141
5770 5778
2884 2889
3553 3561
6620 6624
3903 3905
450 459
317 324
172 179
8480 8484
4704 4711
5430 5435
8142 8154
77 95
1691 1702
4507 4514
2883 2885
5690 5704
8588 8596
2182 2191
3333 3339
334 342
2510 2520
5531 5532
4248 4255
3405 3414
552 554
3985 3993
2708 2713
1532 1536
4586 4589
1556 1557
6535 6537
8262 8264
3124 3129
1812 1816
5983 5999
8475 8482
2778 2785
5243 5255
2877 2887
250 250
3510 3513
7416 7423
1134 1140
9130 9145
7308 7321
7508 7516
2634 2635
5476 5482
1274 1288
4037 4048
423 425
5483 5499
6653 6666
759 764
1473 1479
4587 4595
3694 3695
4605 4621
4378 4389
6429 6434
1621 1629
1278 1283
4826 4830
4967 4982
1969 1971
2916 2917
9170 9178
2900 2908
8669 8677
5226 5231
1981 1988
5376 5389
5373 5385
8243 8250
7243 7246
5329 5333
8567 8569
6809 6812
8348 8350
858 869
3997 4004
722 737
4042 4043
7838 7841
8975 8985
7176 7186
7218 7227
5723 5724
8673 8685
4944 4950
496 501
3394 3400
4829 4836
1802 1803
3659 3661
8101 8110
1650 1657
8345 8352
4317 4318
6533 6538
609 617
7063 7071
3821 3824
2939 2943
6199 6202
1510 1520
3221 3232
1647 1649
6942 6945
852 856
6259 6261
5302 5310
4180 4186
5429 5439
3015 3018
3471 3480
4376 4381
5168 5176
7988 7991
473 479
6182 6186
3477 3485
115 119
5805 5809
85 96
9230 9247
990 992
8533 8543
940 947
6151 6154
1885 1893
1325 1327
1408 1415
5743 5755
3535 3544
6701 6705
1996 1997
2403 2407
30 34
8536 8541
6483 6492
2154 2159
2632 2644
2676 2687
1078 1090
4906 4910
6430 6443
6299 6304
2143 2148
7111 7114
1194 1196
4190 4206
4345 4351
6930 6935
4401 4414
4602 4617
4143 4145
4402 4404
3649 3653
2891 2897
3697 3699
5473 5484
2111 2115
4494 4504
9333 9336
5925 5926
1387 1389
7088 7090
7205 7211
8014 8021
9030 9038
3433 3441
314 323
4362 4380
3090 3091
420 434
7720 7725
2412 2413
9193 9194
3423 3426
4038 4055
3550 3554
4756 4766
3651 3658
5076 5085
81 91
7170 7184
8938 8940
5525 5533
390 401
287 296
1372 1374
1813 1817
5281 5286
4407 4417
8391 8401
6113 6118
247 249
5896 5903
7604 7614
1011 1012
6526 6534
7022 7038
810 816
174 177
38 39
3050 3059
6391 6399
397 404
6340 6346
9190 9194
3258 3263
355 365
1859 1863
3165 3166
730 733
1547 1548
5063 5070
2299 2307
1810 1819
4181 4182
1469 1474
131 136
5540 5542
9021 9029
7315 7324
8695 8704
3925 3929
1367 1376
7177 7181
8797 8798
5575 5580
435 438
181 191
4159 4167
6776 6784
2420 2427
5726 5737
9223 9225
775 784
7904 7910
5915 5918
1901 1901
3713 3715
651 658
7078 7084
6845 6846
6952 6953
5929 5934
2437 2439
162 169
5715 5717
4451 4459
6266 6276
2328 2335
6232 6233
3760 3765
257 265
6860 6872
7556 7561
7670 7673
5317 5318
6119 6125
2788 2793
5802 5811
2260 2264
5699 5709
1998 2002
1916 1917
875 879
4660 4667
5062 5068
6389 6397
2518 2521
2936 2942
5513 5517
5953 5963
3660 3660
8245 8247
1732 1745
891 893
2910 2928
3088 3094
2047 2055
7717 7719
3727 3740
3453 3462
2360 2373
5125 5133
2460 2470
3758 3764
2107 2119
968 971
4594 4597
5349 5353
395 408
7006 7010
362 370
6468 6479
6548 6552
9013 9019
4056 4059
964 967
1174 1177
6319 6328
3082 3084
279 284
2920 2922
6778 6783
239 245
6475 6488
3252 3254
2392 2397
9206 9211
7837 7844
1825 1836
5375 5378
6196 6198
1225 1228
6324 6331
4224 4240
6091 6096
781 790
9008 9015
8760 8764
2807 2808
7980 7982
1090 1093
513 515
417 421
3687 3691
5758 5761
8233 8239
4216 4222
5266 5270
4916 4922
6210 6212
7778 7782
1952 1966
5821 5823
6138 6148
2145 2151
1264 1267
8483 8490
5306 5311
8121 8128
3598 3614
5716 5720
2903 2905
258 267
4529 4541
2664 2667
8973 8981
8657 8663
5515 5521
7273 7290
7625 7629
7908 7918
4628 4630
9321 9335
246 259
2978 2995
1131 1132
1226 1236
8624 8635
3168 3172
7530 7545
6555 6563
3458 3460
4787 4793
8091 8092
8598 8607
3355 3366
4218 4227
2560 2562
2927 2932
4315 4316
847 849
9114 9117
5371 5386
9233 9242
6158 6168
8920 8925
5131 5137
3057 3064
7118 7122
133 139
6714 6718
8115 8122
8526 8532
7868 7869
6674 6685
525 531
5846 5853
6644 6650
948 962
6889 6899
3461 3466
7967 7968
458 466
2473 2480
3476 3482
3852 3855
2447 2452
8782 8794
5571 5574
6440 6449
3506 3506
6797 6800
5085 5089
4708 4708
6208 6213
835 836
2321 2326
8009 8023
2172 2176
2312 2322
2826 2835
1568 1577
3939 3946
7588 7600
3829 3840
1295 1301
9146 9160
686 696
5412 5419
807 808
8163 8169
1086 1099
1692 1696
1634 1644
8785 8789
2750 2751
8600 8608
200 204
5202 5205
1831 1834
9174 9182
3849 3850
9318 9330
2621 2627
2048 2053
4577 4582
6909 6913
882 884
7550 7551
7792 7793
8815 8819
5835 5838
7239 7247
504 509
4662 4670
251 262
7357 7365
7149 7157
3833 3836
864 865
4760 4763
5670 5676
770 783
4521 4527
8645 8656
6790 6794
6471 6483
1499 1502
8697 8705
8333 8336
7783 7785
722 732
8546 8552
159 160
7591 7596
8897 8904
7842 7860
777 779
6236 6241
568 570
6759 6767
6607 6609
5816 5817
4706 4706
976 977
6384 6386
426 429
3067 3069
1965 1973
2365 2378
3895 3902
2624 2639
6093 6104
5824 5830
5046 5054
7369 7372
2364 2376
635 642
5924 5932
8252 8257
5117 5127
998 999
5116 5125
4283 4288
2078 2088
7306 7307
4601 4606
5667 5672
339 357
2590 2593
6342 6354
8209 8210
7467 7469
9036 9042
5772 5779
4047 4049
8171 8186
839 841
5211 5216
2966 2968
1442 1454
3106 3108
5741 5745
6676 6677
2832 2846
5995 6008
1183 1192
4699 4702
3315 3324
187 195
4799 4809
222 229
182 192
8507 8508
6064 6065
7532 7538
2872 2872
4334 4335
3637 3644
6618 6623
1119 1128
4863 4880
62 63
5381 5384
5248 5254
5935 5937
20 33
3054 3065
802 806
6896 6898
7943 7948
694 698
5391 5394
7002 7007
5577 5584
6511 6515
3807 3819
3808 3810
4735 4738
8354 8361
555 562
7945 7949
1121 1122
8579 8581
9322 9338
8242 8244
7923 7926
8428 8429
